Search:alpha tocopherol
CID:14985
Name:(2R)-2,5,7,8-tetramethyl-2-[(4R,8R)-4,8,12-trimethyltridecyl]-3,4-dihydrochromen-6-ol
Smiles:CC1=C(C2=C(CCC(O2)(C)CCCC(C)CCCC(C)CCCC(C)C)C(=C1O)C)C

     RDKit          3D

 81 82  0  0  0  0  0  0  0  0999 V2000
   -7.2907   -2.7421    2.6487 C   0  0  0  0  0  0  0  0  0  0  0  0
   -6.9273   -1.8367    1.5556 C   0  0  0  0  0  0  0  0  0  0  0  0
   -5.7710   -1.1070    1.6267 C   0  0  0  0  0  0  0  0  0  0  0  0
   -5.3848   -0.2297    0.6047 C   0  0  0  0  0  0  0  0  0  0  0  0
   -6.1822   -0.0866   -0.5110 C   0  0  0  0  0  0  0  0  0  0  0  0
   -5.7316    0.8378   -1.5551 C   0  0  0  0  0  0  0  0  0  0  0  0
   -4.2203    0.6130   -1.7239 C   0  0  0  0  0  0  0  0  0  0  0  0
   -3.5121    0.9941   -0.4441 C   0  0  0  0  0  0  0  0  0  0  0  0
   -4.2259    0.5034    0.6741 O   0  0  0  0  0  0  0  0  0  0  0  0
   -3.3258    2.4758   -0.4299 C   0  0  0  0  0  0  0  0  0  0  0  0
   -2.1322    0.3246   -0.3722 C   0  0  0  0  0  0  0  0  0  0  0  0
   -1.2653    0.7219   -1.4969 C   0  0  0  0  0  0  0  0  0  0  0  0
    0.0607    0.0602   -1.5011 C   0  0  0  0  0  0  0  0  0  0  0  0
    0.9950    0.2500   -0.3696 C   0  0  0  0  0  0  0  0  0  0  0  0
    0.5286   -0.2419    0.9636 C   0  0  0  0  0  0  0  0  0  0  0  0
    1.4774    1.6960   -0.2834 C   0  0  0  0  0  0  0  0  0  0  0  0
    2.4368    1.8409    0.8564 C   0  0  0  0  0  0  0  0  0  0  0  0
    3.6834    0.9984    0.7230 C   0  0  0  0  0  0  0  0  0  0  0  0
    4.4652    1.3394   -0.5052 C   0  0  0  0  0  0  0  0  0  0  0  0
    4.9340    2.7537   -0.5585 C   0  0  0  0  0  0  0  0  0  0  0  0
    5.7189    0.4402   -0.6422 C   0  0  0  0  0  0  0  0  0  0  0  0
    6.6110    0.6073    0.5249 C   0  0  0  0  0  0  0  0  0  0  0  0
    7.8871   -0.1311    0.4866 C   0  0  0  0  0  0  0  0  0  0  0  0
    7.8820   -1.6001    0.3827 C   0  0  0  0  0  0  0  0  0  0  0  0
    7.2759   -2.1452   -0.8573 C   0  0  0  0  0  0  0  0  0  0  0  0
    9.3465   -2.0861    0.4371 C   0  0  0  0  0  0  0  0  0  0  0  0
   -7.3501   -0.8098   -0.6046 C   0  0  0  0  0  0  0  0  0  0  0  0
   -7.7161   -1.6704    0.4112 C   0  0  0  0  0  0  0  0  0  0  0  0
   -8.8700   -2.3979    0.3379 O   0  0  0  0  0  0  0  0  0  0  0  0
   -8.1738   -0.6094   -1.8264 C   0  0  0  0  0  0  0  0  0  0  0  0
   -4.8877   -1.2298    2.8035 C   0  0  0  0  0  0  0  0  0  0  0  0
   -7.9136   -3.5684    2.2027 H   0  0  0  0  0  0  0  0  0  0  0  0
   -7.9919   -2.2221    3.3548 H   0  0  0  0  0  0  0  0  0  0  0  0
   -6.4481   -3.2193    3.1469 H   0  0  0  0  0  0  0  0  0  0  0  0
   -6.1681    0.6620   -2.5600 H   0  0  0  0  0  0  0  0  0  0  0  0
   -5.9199    1.8954   -1.2462 H   0  0  0  0  0  0  0  0  0  0  0  0
   -4.1103   -0.4990   -1.8324 H   0  0  0  0  0  0  0  0  0  0  0  0
   -3.8176    1.1490   -2.5829 H   0  0  0  0  0  0  0  0  0  0  0  0
   -2.4247    2.7854    0.1692 H   0  0  0  0  0  0  0  0  0  0  0  0
   -4.2180    3.0390   -0.1115 H   0  0  0  0  0  0  0  0  0  0  0  0
   -3.1039    2.8070   -1.4778 H   0  0  0  0  0  0  0  0  0  0  0  0
   -2.2512   -0.7688   -0.3408 H   0  0  0  0  0  0  0  0  0  0  0  0
   -1.7215    0.6881    0.5795 H   0  0  0  0  0  0  0  0  0  0  0  0
   -1.1599    1.8603   -1.5658 H   0  0  0  0  0  0  0  0  0  0  0  0
   -1.7268    0.4920   -2.5039 H   0  0  0  0  0  0  0  0  0  0  0  0
   -0.1489   -1.0689   -1.5319 H   0  0  0  0  0  0  0  0  0  0  0  0
    0.5948    0.2001   -2.4955 H   0  0  0  0  0  0  0  0  0  0  0  0
    1.9348   -0.3262   -0.6290 H   0  0  0  0  0  0  0  0  0  0  0  0
    0.2610    0.5223    1.6951 H   0  0  0  0  0  0  0  0  0  0  0  0
   -0.2376   -1.0425    0.8827 H   0  0  0  0  0  0  0  0  0  0  0  0
    1.3886   -0.7980    1.4846 H   0  0  0  0  0  0  0  0  0  0  0  0
    2.0028    1.9110   -1.2241 H   0  0  0  0  0  0  0  0  0  0  0  0
    0.6338    2.3871   -0.0884 H   0  0  0  0  0  0  0  0  0  0  0  0
    1.9247    1.6654    1.8242 H   0  0  0  0  0  0  0  0  0  0  0  0
    2.7049    2.9397    0.8900 H   0  0  0  0  0  0  0  0  0  0  0  0
    3.5248   -0.0786    0.8285 H   0  0  0  0  0  0  0  0  0  0  0  0
    4.3264    1.2955    1.6041 H   0  0  0  0  0  0  0  0  0  0  0  0
    3.8701    1.1158   -1.4107 H   0  0  0  0  0  0  0  0  0  0  0  0
    5.7873    2.7935   -1.2941 H   0  0  0  0  0  0  0  0  0  0  0  0
    5.3349    3.1343    0.3885 H   0  0  0  0  0  0  0  0  0  0  0  0
    4.1671    3.4447   -0.9879 H   0  0  0  0  0  0  0  0  0  0  0  0
    6.2043    0.7396   -1.5738 H   0  0  0  0  0  0  0  0  0  0  0  0
    5.3507   -0.6236   -0.6262 H   0  0  0  0  0  0  0  0  0  0  0  0
    6.0858    0.2990    1.4882 H   0  0  0  0  0  0  0  0  0  0  0  0
    6.8745    1.6902    0.7153 H   0  0  0  0  0  0  0  0  0  0  0  0
    8.5509    0.3426   -0.3142 H   0  0  0  0  0  0  0  0  0  0  0  0
    8.4651    0.1841    1.4309 H   0  0  0  0  0  0  0  0  0  0  0  0
    7.3416   -2.0794    1.2450 H   0  0  0  0  0  0  0  0  0  0  0  0
    6.3230   -2.6798   -0.6753 H   0  0  0  0  0  0  0  0  0  0  0  0
    7.9555   -2.9799   -1.2647 H   0  0  0  0  0  0  0  0  0  0  0  0
    7.1801   -1.4548   -1.6982 H   0  0  0  0  0  0  0  0  0  0  0  0
    9.3661   -3.2058    0.4055 H   0  0  0  0  0  0  0  0  0  0  0  0
    9.8396   -1.7059    1.3451 H   0  0  0  0  0  0  0  0  0  0  0  0
    9.8373   -1.6834   -0.4698 H   0  0  0  0  0  0  0  0  0  0  0  0
   -9.5200   -2.3836   -0.4101 H   0  0  0  0  0  0  0  0  0  0  0  0
   -8.1195    0.4878   -2.0983 H   0  0  0  0  0  0  0  0  0  0  0  0
   -7.9038   -1.2604   -2.6554 H   0  0  0  0  0  0  0  0  0  0  0  0
   -9.2507   -0.7230   -1.5023 H   0  0  0  0  0  0  0  0  0  0  0  0
   -4.0547   -0.5085    2.7652 H   0  0  0  0  0  0  0  0  0  0  0  0
   -4.4499   -2.2367    2.9159 H   0  0  0  0  0  0  0  0  0  0  0  0
   -5.5056   -0.9471    3.7017 H   0  0  0  0  0  0  0  0  0  0  0  0
  1  2  1  0
  2  3  2  0
  3  4  1  0
  4  5  2  0
  5  6  1  0
  6  7  1  0
  7  8  1  0
  8  9  1  0
  8 10  1  0
  8 11  1  0
 11 12  1  0
 12 13  1  0
 13 14  1  0
 14 15  1  0
 14 16  1  0
 16 17  1  0
 17 18  1  0
 18 19  1  0
 19 20  1  0
 19 21  1  0
 21 22  1  0
 22 23  1  0
 23 24  1  0
 24 25  1  0
 24 26  1  0
  5 27  1  0
 27 28  2  0
 28 29  1  0
 27 30  1  0
  3 31  1  0
 28  2  1  0
  9  4  1  0
  1 32  1  0
  1 33  1  0
  1 34  1  0
  6 35  1  0
  6 36  1  0
  7 37  1  0
  7 38  1  0
 10 39  1  0
 10 40  1  0
 10 41  1  0
 11 42  1  0
 11 43  1  0
 12 44  1  0
 12 45  1  0
 13 46  1  0
 13 47  1  0
 14 48  1  0
 15 49  1  0
 15 50  1  0
 15 51  1  0
 16 52  1  0
 16 53  1  0
 17 54  1  0
 17 55  1  0
 18 56  1  0
 18 57  1  0
 19 58  1  0
 20 59  1  0
 20 60  1  0
 20 61  1  0
 21 62  1  0
 21 63  1  0
 22 64  1  0
 22 65  1  0
 23 66  1  0
 23 67  1  0
 24 68  1  0
 25 69  1  0
 25 70  1  0
 25 71  1  0
 26 72  1  0
 26 73  1  0
 26 74  1  0
 29 75  1  0
 30 76  1  0
 30 77  1  0
 30 78  1  0
 31 79  1  0
 31 80  1  0
 31 81  1  0
M  END

